ClassicGumtree_0.1_100_1
ClassicGumtree_0.1_200_1
ClassicGumtree_0.1_300_1
ClassicGumtree_0.1_400_1
ClassicGumtree_0.1_500_1
ClassicGumtree_0.1_600_1
ClassicGumtree_0.1_700_1
ClassicGumtree_0.1_800_1
ClassicGumtree_0.1_900_1
ClassicGumtree_0.1_1000_1
ClassicGumtree_0.1_1100_1
ClassicGumtree_0.1_1200_1
ClassicGumtree_0.1_1200_2
ClassicGumtree_0.1_1200_3
ClassicGumtree_0.1_1200_4
ClassicGumtree_0.1_1200_5
ClassicGumtree_0.1_1300_1
ClassicGumtree_0.1_1300_2
ClassicGumtree_0.1_1300_3
ClassicGumtree_0.1_1300_4
ClassicGumtree_0.1_1300_5
ClassicGumtree_0.1_1400_1
ClassicGumtree_0.1_1400_2
ClassicGumtree_0.1_1400_3
ClassicGumtree_0.1_1400_4
ClassicGumtree_0.1_1400_5
ClassicGumtree_0.1_1500_1
ClassicGumtree_0.1_1500_2
ClassicGumtree_0.1_1500_3
ClassicGumtree_0.1_1500_4
ClassicGumtree_0.1_1500_5
ClassicGumtree_0.1_1600_1
ClassicGumtree_0.1_1600_2
ClassicGumtree_0.1_1600_3
ClassicGumtree_0.1_1600_4
ClassicGumtree_0.1_1600_5
ClassicGumtree_0.1_1700_1
ClassicGumtree_0.1_1700_2
ClassicGumtree_0.1_1700_3
ClassicGumtree_0.1_1700_4
ClassicGumtree_0.1_1700_5
ClassicGumtree_0.1_1800_1
ClassicGumtree_0.1_1800_2
ClassicGumtree_0.1_1800_3
ClassicGumtree_0.1_1800_4
ClassicGumtree_0.1_1800_5
ClassicGumtree_0.1_1900_1
ClassicGumtree_0.1_1900_2
ClassicGumtree_0.1_1900_3
ClassicGumtree_0.1_1900_4
ClassicGumtree_0.1_1900_5
ClassicGumtree_0.1_2000_1
ClassicGumtree_0.1_2000_2
ClassicGumtree_0.1_2000_3
ClassicGumtree_0.1_2000_4
ClassicGumtree_0.1_2000_5
ClassicGumtree_0.2_100_1
ClassicGumtree_0.2_200_1
ClassicGumtree_0.2_300_1
ClassicGumtree_0.2_400_1
ClassicGumtree_0.2_500_1
ClassicGumtree_0.2_600_1
ClassicGumtree_0.2_700_1
ClassicGumtree_0.2_800_1
ClassicGumtree_0.2_900_1
ClassicGumtree_0.2_1000_1
ClassicGumtree_0.2_1100_1
ClassicGumtree_0.2_1200_1
ClassicGumtree_0.2_1200_2
ClassicGumtree_0.2_1200_3
ClassicGumtree_0.2_1200_4
ClassicGumtree_0.2_1200_5
ClassicGumtree_0.2_1300_1
ClassicGumtree_0.2_1300_2
ClassicGumtree_0.2_1300_3
ClassicGumtree_0.2_1300_4
ClassicGumtree_0.2_1300_5
ClassicGumtree_0.2_1400_1
ClassicGumtree_0.2_1400_2
ClassicGumtree_0.2_1400_3
ClassicGumtree_0.2_1400_4
ClassicGumtree_0.2_1400_5
ClassicGumtree_0.2_1500_1
ClassicGumtree_0.2_1500_2
ClassicGumtree_0.2_1500_3
ClassicGumtree_0.2_1500_4
ClassicGumtree_0.2_1500_5
ClassicGumtree_0.2_1600_1
ClassicGumtree_0.2_1600_2
ClassicGumtree_0.2_1600_3
ClassicGumtree_0.2_1600_4
ClassicGumtree_0.2_1600_5
ClassicGumtree_0.2_1700_1
ClassicGumtree_0.2_1700_2
ClassicGumtree_0.2_1700_3
ClassicGumtree_0.2_1700_4
ClassicGumtree_0.2_1700_5
ClassicGumtree_0.2_1800_1
ClassicGumtree_0.2_1800_2
ClassicGumtree_0.2_1800_3
ClassicGumtree_0.2_1800_4
ClassicGumtree_0.2_1800_5
ClassicGumtree_0.2_1900_1
ClassicGumtree_0.2_1900_2
ClassicGumtree_0.2_1900_3
ClassicGumtree_0.2_1900_4
ClassicGumtree_0.2_1900_5
ClassicGumtree_0.2_2000_1
ClassicGumtree_0.2_2000_2
ClassicGumtree_0.2_2000_3
ClassicGumtree_0.2_2000_4
ClassicGumtree_0.2_2000_5
ClassicGumtree_0.3_100_1
ClassicGumtree_0.3_200_1
ClassicGumtree_0.3_300_1
ClassicGumtree_0.3_400_1
ClassicGumtree_0.3_500_1
ClassicGumtree_0.3_600_1
ClassicGumtree_0.3_700_1
ClassicGumtree_0.3_800_1
ClassicGumtree_0.3_900_1
ClassicGumtree_0.3_1000_1
ClassicGumtree_0.3_1100_1
ClassicGumtree_0.3_1200_1
ClassicGumtree_0.3_1200_2
ClassicGumtree_0.3_1200_3
ClassicGumtree_0.3_1200_4
ClassicGumtree_0.3_1200_5
ClassicGumtree_0.3_1300_1
ClassicGumtree_0.3_1300_2
ClassicGumtree_0.3_1300_3
ClassicGumtree_0.3_1300_4
ClassicGumtree_0.3_1300_5
ClassicGumtree_0.3_1400_1
ClassicGumtree_0.3_1400_2
ClassicGumtree_0.3_1400_3
ClassicGumtree_0.3_1400_4
ClassicGumtree_0.3_1400_5
ClassicGumtree_0.3_1500_1
ClassicGumtree_0.3_1500_2
ClassicGumtree_0.3_1500_3
ClassicGumtree_0.3_1500_4
ClassicGumtree_0.3_1500_5
ClassicGumtree_0.3_1600_1
ClassicGumtree_0.3_1600_2
ClassicGumtree_0.3_1600_3
ClassicGumtree_0.3_1600_4
ClassicGumtree_0.3_1600_5
ClassicGumtree_0.3_1700_1
ClassicGumtree_0.3_1700_2
ClassicGumtree_0.3_1700_3
ClassicGumtree_0.3_1700_4
ClassicGumtree_0.3_1700_5
ClassicGumtree_0.3_1800_1
ClassicGumtree_0.3_1800_2
ClassicGumtree_0.3_1800_3
ClassicGumtree_0.3_1800_4
ClassicGumtree_0.3_1800_5
ClassicGumtree_0.3_1900_1
ClassicGumtree_0.3_1900_2
ClassicGumtree_0.3_1900_3
ClassicGumtree_0.3_1900_4
ClassicGumtree_0.3_1900_5
ClassicGumtree_0.3_2000_1
ClassicGumtree_0.3_2000_2
ClassicGumtree_0.3_2000_3
ClassicGumtree_0.3_2000_4
ClassicGumtree_0.3_2000_5
ClassicGumtree_0.4_100_1
ClassicGumtree_0.4_200_1
ClassicGumtree_0.4_300_1
ClassicGumtree_0.4_400_1
ClassicGumtree_0.4_500_1
ClassicGumtree_0.4_600_1
ClassicGumtree_0.4_700_1
ClassicGumtree_0.4_800_1
ClassicGumtree_0.4_900_1
ClassicGumtree_0.4_1000_1
ClassicGumtree_0.4_1100_1
ClassicGumtree_0.4_1200_1
ClassicGumtree_0.4_1200_2
ClassicGumtree_0.4_1200_3
ClassicGumtree_0.4_1200_4
ClassicGumtree_0.4_1200_5
ClassicGumtree_0.4_1300_1
ClassicGumtree_0.4_1300_2
ClassicGumtree_0.4_1300_3
ClassicGumtree_0.4_1300_4
ClassicGumtree_0.4_1300_5
ClassicGumtree_0.4_1400_1
ClassicGumtree_0.4_1400_2
ClassicGumtree_0.4_1400_3
ClassicGumtree_0.4_1400_4
ClassicGumtree_0.4_1400_5
ClassicGumtree_0.4_1500_1
ClassicGumtree_0.4_1500_2
ClassicGumtree_0.4_1500_3
ClassicGumtree_0.4_1500_4
ClassicGumtree_0.4_1500_5
ClassicGumtree_0.4_1600_1
ClassicGumtree_0.4_1600_2
ClassicGumtree_0.4_1600_3
ClassicGumtree_0.4_1600_4
ClassicGumtree_0.4_1600_5
ClassicGumtree_0.4_1700_1
ClassicGumtree_0.4_1700_2
ClassicGumtree_0.4_1700_3
ClassicGumtree_0.4_1700_4
ClassicGumtree_0.4_1700_5
ClassicGumtree_0.4_1800_1
ClassicGumtree_0.4_1800_2
ClassicGumtree_0.4_1800_3
ClassicGumtree_0.4_1800_4
ClassicGumtree_0.4_1800_5
ClassicGumtree_0.4_1900_1
ClassicGumtree_0.4_1900_2
ClassicGumtree_0.4_1900_3
ClassicGumtree_0.4_1900_4
ClassicGumtree_0.4_1900_5
ClassicGumtree_0.4_2000_1
ClassicGumtree_0.4_2000_2
ClassicGumtree_0.4_2000_3
ClassicGumtree_0.4_2000_4
ClassicGumtree_0.4_2000_5
ClassicGumtree_0.5_100_1
ClassicGumtree_0.5_200_1
ClassicGumtree_0.5_300_1
ClassicGumtree_0.5_400_1
ClassicGumtree_0.5_500_1
ClassicGumtree_0.5_600_1
ClassicGumtree_0.5_700_1
ClassicGumtree_0.5_800_1
ClassicGumtree_0.5_900_1
ClassicGumtree_0.5_1000_1
ClassicGumtree_0.5_1100_1
ClassicGumtree_0.5_1200_1
ClassicGumtree_0.5_1200_2
ClassicGumtree_0.5_1200_3
ClassicGumtree_0.5_1200_4
ClassicGumtree_0.5_1200_5
ClassicGumtree_0.5_1300_1
ClassicGumtree_0.5_1300_2
ClassicGumtree_0.5_1300_3
ClassicGumtree_0.5_1300_4
ClassicGumtree_0.5_1300_5
ClassicGumtree_0.5_1400_1
ClassicGumtree_0.5_1400_2
ClassicGumtree_0.5_1400_3
ClassicGumtree_0.5_1400_4
ClassicGumtree_0.5_1400_5
ClassicGumtree_0.5_1500_1
ClassicGumtree_0.5_1500_2
ClassicGumtree_0.5_1500_3
ClassicGumtree_0.5_1500_4
ClassicGumtree_0.5_1500_5
ClassicGumtree_0.5_1600_1
ClassicGumtree_0.5_1600_2
ClassicGumtree_0.5_1600_3
ClassicGumtree_0.5_1600_4
ClassicGumtree_0.5_1600_5
ClassicGumtree_0.5_1700_1
ClassicGumtree_0.5_1700_2
ClassicGumtree_0.5_1700_3
ClassicGumtree_0.5_1700_4
ClassicGumtree_0.5_1700_5
ClassicGumtree_0.5_1800_1
ClassicGumtree_0.5_1800_2
ClassicGumtree_0.5_1800_3
ClassicGumtree_0.5_1800_4
ClassicGumtree_0.5_1800_5
ClassicGumtree_0.5_1900_1
ClassicGumtree_0.5_1900_2
ClassicGumtree_0.5_1900_3
ClassicGumtree_0.5_1900_4
ClassicGumtree_0.5_1900_5
ClassicGumtree_0.5_2000_1
ClassicGumtree_0.5_2000_2
ClassicGumtree_0.5_2000_3
ClassicGumtree_0.5_2000_4
ClassicGumtree_0.5_2000_5
ClassicGumtree_0.6_100_1
ClassicGumtree_0.6_200_1
ClassicGumtree_0.6_300_1
ClassicGumtree_0.6_400_1
ClassicGumtree_0.6_500_1
ClassicGumtree_0.6_600_1
ClassicGumtree_0.6_700_1
ClassicGumtree_0.6_800_1
ClassicGumtree_0.6_900_1
ClassicGumtree_0.6_1000_1
ClassicGumtree_0.6_1100_1
ClassicGumtree_0.6_1200_1
ClassicGumtree_0.6_1200_2
ClassicGumtree_0.6_1200_3
ClassicGumtree_0.6_1200_4
ClassicGumtree_0.6_1200_5
ClassicGumtree_0.6_1300_1
ClassicGumtree_0.6_1300_2
ClassicGumtree_0.6_1300_3
ClassicGumtree_0.6_1300_4
ClassicGumtree_0.6_1300_5
ClassicGumtree_0.6_1400_1
ClassicGumtree_0.6_1400_2
ClassicGumtree_0.6_1400_3
ClassicGumtree_0.6_1400_4
ClassicGumtree_0.6_1400_5
ClassicGumtree_0.6_1500_1
ClassicGumtree_0.6_1500_2
ClassicGumtree_0.6_1500_3
ClassicGumtree_0.6_1500_4
ClassicGumtree_0.6_1500_5
ClassicGumtree_0.6_1600_1
ClassicGumtree_0.6_1600_2
ClassicGumtree_0.6_1600_3
ClassicGumtree_0.6_1600_4
ClassicGumtree_0.6_1600_5
ClassicGumtree_0.6_1700_1
ClassicGumtree_0.6_1700_2
ClassicGumtree_0.6_1700_3
ClassicGumtree_0.6_1700_4
ClassicGumtree_0.6_1700_5
ClassicGumtree_0.6_1800_1
ClassicGumtree_0.6_1800_2
ClassicGumtree_0.6_1800_3
ClassicGumtree_0.6_1800_4
ClassicGumtree_0.6_1800_5
ClassicGumtree_0.6_1900_1
ClassicGumtree_0.6_1900_2
ClassicGumtree_0.6_1900_3
ClassicGumtree_0.6_1900_4
ClassicGumtree_0.6_1900_5
ClassicGumtree_0.6_2000_1
ClassicGumtree_0.6_2000_2
ClassicGumtree_0.6_2000_3
ClassicGumtree_0.6_2000_4
ClassicGumtree_0.6_2000_5
ClassicGumtree_0.7_100_1
ClassicGumtree_0.7_200_1
ClassicGumtree_0.7_300_1
ClassicGumtree_0.7_400_1
ClassicGumtree_0.7_500_1
ClassicGumtree_0.7_600_1
ClassicGumtree_0.7_700_1
ClassicGumtree_0.7_800_1
ClassicGumtree_0.7_900_1
ClassicGumtree_0.7_1000_1
ClassicGumtree_0.7_1100_1
ClassicGumtree_0.7_1200_1
ClassicGumtree_0.7_1200_2
ClassicGumtree_0.7_1200_3
ClassicGumtree_0.7_1200_4
ClassicGumtree_0.7_1200_5
ClassicGumtree_0.7_1300_1
ClassicGumtree_0.7_1300_2
ClassicGumtree_0.7_1300_3
ClassicGumtree_0.7_1300_4
ClassicGumtree_0.7_1300_5
ClassicGumtree_0.7_1400_1
ClassicGumtree_0.7_1400_2
ClassicGumtree_0.7_1400_3
ClassicGumtree_0.7_1400_4
ClassicGumtree_0.7_1400_5
ClassicGumtree_0.7_1500_1
ClassicGumtree_0.7_1500_2
ClassicGumtree_0.7_1500_3
ClassicGumtree_0.7_1500_4
ClassicGumtree_0.7_1500_5
ClassicGumtree_0.7_1600_1
ClassicGumtree_0.7_1600_2
ClassicGumtree_0.7_1600_3
ClassicGumtree_0.7_1600_4
ClassicGumtree_0.7_1600_5
ClassicGumtree_0.7_1700_1
ClassicGumtree_0.7_1700_2
ClassicGumtree_0.7_1700_3
ClassicGumtree_0.7_1700_4
ClassicGumtree_0.7_1700_5
ClassicGumtree_0.7_1800_1
ClassicGumtree_0.7_1800_2
ClassicGumtree_0.7_1800_3
ClassicGumtree_0.7_1800_4
ClassicGumtree_0.7_1800_5
ClassicGumtree_0.7_1900_1
ClassicGumtree_0.7_1900_2
ClassicGumtree_0.7_1900_3
ClassicGumtree_0.7_1900_4
ClassicGumtree_0.7_1900_5
ClassicGumtree_0.7_2000_1
ClassicGumtree_0.7_2000_2
ClassicGumtree_0.7_2000_3
ClassicGumtree_0.7_2000_4
ClassicGumtree_0.7_2000_5
ClassicGumtree_0.8_100_1
ClassicGumtree_0.8_200_1
ClassicGumtree_0.8_300_1
ClassicGumtree_0.8_400_1
ClassicGumtree_0.8_500_1
ClassicGumtree_0.8_600_1
ClassicGumtree_0.8_700_1
ClassicGumtree_0.8_800_1
ClassicGumtree_0.8_900_1
ClassicGumtree_0.8_1000_1
ClassicGumtree_0.8_1100_1
ClassicGumtree_0.8_1200_1
ClassicGumtree_0.8_1200_2
ClassicGumtree_0.8_1200_3
ClassicGumtree_0.8_1200_4
ClassicGumtree_0.8_1200_5
ClassicGumtree_0.8_1300_1
ClassicGumtree_0.8_1300_2
ClassicGumtree_0.8_1300_3
ClassicGumtree_0.8_1300_4
ClassicGumtree_0.8_1300_5
ClassicGumtree_0.8_1400_1
ClassicGumtree_0.8_1400_2
ClassicGumtree_0.8_1400_3
ClassicGumtree_0.8_1400_4
ClassicGumtree_0.8_1400_5
ClassicGumtree_0.8_1500_1
ClassicGumtree_0.8_1500_2
ClassicGumtree_0.8_1500_3
ClassicGumtree_0.8_1500_4
ClassicGumtree_0.8_1500_5
ClassicGumtree_0.8_1600_1
ClassicGumtree_0.8_1600_2
ClassicGumtree_0.8_1600_3
ClassicGumtree_0.8_1600_4
ClassicGumtree_0.8_1600_5
ClassicGumtree_0.8_1700_1
ClassicGumtree_0.8_1700_2
ClassicGumtree_0.8_1700_3
ClassicGumtree_0.8_1700_4
ClassicGumtree_0.8_1700_5
ClassicGumtree_0.8_1800_1
ClassicGumtree_0.8_1800_2
ClassicGumtree_0.8_1800_3
ClassicGumtree_0.8_1800_4
ClassicGumtree_0.8_1800_5
ClassicGumtree_0.8_1900_1
ClassicGumtree_0.8_1900_2
ClassicGumtree_0.8_1900_3
ClassicGumtree_0.8_1900_4
ClassicGumtree_0.8_1900_5
ClassicGumtree_0.8_2000_1
ClassicGumtree_0.8_2000_2
ClassicGumtree_0.8_2000_3
ClassicGumtree_0.8_2000_4
ClassicGumtree_0.8_2000_5
ClassicGumtree_0.9_100_1
ClassicGumtree_0.9_200_1
ClassicGumtree_0.9_300_1
ClassicGumtree_0.9_400_1
ClassicGumtree_0.9_500_1
ClassicGumtree_0.9_600_1
ClassicGumtree_0.9_700_1
ClassicGumtree_0.9_800_1
ClassicGumtree_0.9_900_1
ClassicGumtree_0.9_1000_1
ClassicGumtree_0.9_1100_1
ClassicGumtree_0.9_1200_1
ClassicGumtree_0.9_1200_2
ClassicGumtree_0.9_1200_3
ClassicGumtree_0.9_1200_4
ClassicGumtree_0.9_1200_5
ClassicGumtree_0.9_1300_1
ClassicGumtree_0.9_1300_2
ClassicGumtree_0.9_1300_3
ClassicGumtree_0.9_1300_4
ClassicGumtree_0.9_1300_5
ClassicGumtree_0.9_1400_1
ClassicGumtree_0.9_1400_2
ClassicGumtree_0.9_1400_3
ClassicGumtree_0.9_1400_4
ClassicGumtree_0.9_1400_5
ClassicGumtree_0.9_1500_1
ClassicGumtree_0.9_1500_2
ClassicGumtree_0.9_1500_3
ClassicGumtree_0.9_1500_4
ClassicGumtree_0.9_1500_5
ClassicGumtree_0.9_1600_1
ClassicGumtree_0.9_1600_2
ClassicGumtree_0.9_1600_3
ClassicGumtree_0.9_1600_4
ClassicGumtree_0.9_1600_5
ClassicGumtree_0.9_1700_1
ClassicGumtree_0.9_1700_2
ClassicGumtree_0.9_1700_3
ClassicGumtree_0.9_1700_4
ClassicGumtree_0.9_1700_5
ClassicGumtree_0.9_1800_1
ClassicGumtree_0.9_1800_2
ClassicGumtree_0.9_1800_3
ClassicGumtree_0.9_1800_4
ClassicGumtree_0.9_1800_5
ClassicGumtree_0.9_1900_1
ClassicGumtree_0.9_1900_2
ClassicGumtree_0.9_1900_3
ClassicGumtree_0.9_1900_4
ClassicGumtree_0.9_1900_5
ClassicGumtree_0.9_2000_1
ClassicGumtree_0.9_2000_2
ClassicGumtree_0.9_2000_3
ClassicGumtree_0.9_2000_4
ClassicGumtree_0.9_2000_5
ClassicGumtree_1_1200_1
ClassicGumtree_1_1200_2
ClassicGumtree_1_1200_3
ClassicGumtree_1_1200_4
ClassicGumtree_1_1200_5
ClassicGumtree_1_1300_1
ClassicGumtree_1_1300_2
ClassicGumtree_1_1300_3
ClassicGumtree_1_1300_4
ClassicGumtree_1_1300_5
ClassicGumtree_1_1400_1
ClassicGumtree_1_1400_2
ClassicGumtree_1_1400_3
ClassicGumtree_1_1400_4
ClassicGumtree_1_1400_5
ClassicGumtree_1_1500_1
ClassicGumtree_1_1500_2
ClassicGumtree_1_1500_3
ClassicGumtree_1_1500_4
ClassicGumtree_1_1500_5
ClassicGumtree_1_1600_1
ClassicGumtree_1_1600_2
ClassicGumtree_1_1600_3
ClassicGumtree_1_1600_4
ClassicGumtree_1_1600_5
ClassicGumtree_1_1700_1
ClassicGumtree_1_1700_2
ClassicGumtree_1_1700_3
ClassicGumtree_1_1700_4
ClassicGumtree_1_1700_5
ClassicGumtree_1_1800_1
ClassicGumtree_1_1800_2
ClassicGumtree_1_1800_3
ClassicGumtree_1_1800_4
ClassicGumtree_1_1800_5
ClassicGumtree_1_1900_1
ClassicGumtree_1_1900_2
ClassicGumtree_1_1900_3
ClassicGumtree_1_1900_4
ClassicGumtree_1_1900_5
ClassicGumtree_1_2000_1
ClassicGumtree_1_2000_2
ClassicGumtree_1_2000_3
ClassicGumtree_1_2000_4
ClassicGumtree_1_2000_5
CompleteGumtreeMatcher_0.1_1200_3
CompleteGumtreeMatcher_0.1_1200_4
CompleteGumtreeMatcher_0.1_1200_5
CompleteGumtreeMatcher_0.1_1300_3
CompleteGumtreeMatcher_0.1_1300_4
CompleteGumtreeMatcher_0.1_1300_5
CompleteGumtreeMatcher_0.1_1400_3
CompleteGumtreeMatcher_0.1_1400_4
CompleteGumtreeMatcher_0.1_1400_5
CompleteGumtreeMatcher_0.1_1500_3
CompleteGumtreeMatcher_0.1_1500_4
CompleteGumtreeMatcher_0.1_1500_5
CompleteGumtreeMatcher_0.1_1600_3
CompleteGumtreeMatcher_0.1_1600_4
CompleteGumtreeMatcher_0.1_1600_5
CompleteGumtreeMatcher_0.1_1700_3
CompleteGumtreeMatcher_0.1_1700_4
CompleteGumtreeMatcher_0.1_1700_5
CompleteGumtreeMatcher_0.1_1800_3
CompleteGumtreeMatcher_0.1_1800_4
CompleteGumtreeMatcher_0.1_1800_5
CompleteGumtreeMatcher_0.1_1900_3
CompleteGumtreeMatcher_0.1_1900_4
CompleteGumtreeMatcher_0.1_1900_5
CompleteGumtreeMatcher_0.1_2000_3
CompleteGumtreeMatcher_0.1_2000_4
CompleteGumtreeMatcher_0.1_2000_5
CompleteGumtreeMatcher_0.2_1200_3
CompleteGumtreeMatcher_0.2_1200_4
CompleteGumtreeMatcher_0.2_1200_5
CompleteGumtreeMatcher_0.2_1300_3
CompleteGumtreeMatcher_0.2_1300_4
CompleteGumtreeMatcher_0.2_1300_5
CompleteGumtreeMatcher_0.2_1400_3
CompleteGumtreeMatcher_0.2_1400_4
CompleteGumtreeMatcher_0.2_1400_5
CompleteGumtreeMatcher_0.2_1500_3
CompleteGumtreeMatcher_0.2_1500_4
CompleteGumtreeMatcher_0.2_1500_5
CompleteGumtreeMatcher_0.2_1600_3
CompleteGumtreeMatcher_0.2_1600_4
CompleteGumtreeMatcher_0.2_1600_5
CompleteGumtreeMatcher_0.2_1700_3
CompleteGumtreeMatcher_0.2_1700_4
CompleteGumtreeMatcher_0.2_1700_5
CompleteGumtreeMatcher_0.2_1800_3
CompleteGumtreeMatcher_0.2_1800_4
CompleteGumtreeMatcher_0.2_1800_5
CompleteGumtreeMatcher_0.2_1900_3
CompleteGumtreeMatcher_0.2_1900_4
CompleteGumtreeMatcher_0.2_1900_5
CompleteGumtreeMatcher_0.2_2000_3
CompleteGumtreeMatcher_0.2_2000_4
CompleteGumtreeMatcher_0.2_2000_5
CompleteGumtreeMatcher_0.3_1200_3
CompleteGumtreeMatcher_0.3_1200_4
CompleteGumtreeMatcher_0.3_1200_5
CompleteGumtreeMatcher_0.3_1300_3
CompleteGumtreeMatcher_0.3_1300_4
CompleteGumtreeMatcher_0.3_1300_5
CompleteGumtreeMatcher_0.3_1400_3
CompleteGumtreeMatcher_0.3_1400_4
CompleteGumtreeMatcher_0.3_1400_5
CompleteGumtreeMatcher_0.3_1500_3
CompleteGumtreeMatcher_0.3_1500_4
CompleteGumtreeMatcher_0.3_1500_5
CompleteGumtreeMatcher_0.3_1600_3
CompleteGumtreeMatcher_0.3_1600_4
CompleteGumtreeMatcher_0.3_1600_5
CompleteGumtreeMatcher_0.3_1700_3
CompleteGumtreeMatcher_0.3_1700_4
CompleteGumtreeMatcher_0.3_1700_5
CompleteGumtreeMatcher_0.3_1800_3
CompleteGumtreeMatcher_0.3_1800_4
CompleteGumtreeMatcher_0.3_1800_5
CompleteGumtreeMatcher_0.3_1900_3
CompleteGumtreeMatcher_0.3_1900_4
CompleteGumtreeMatcher_0.3_1900_5
CompleteGumtreeMatcher_0.3_2000_3
CompleteGumtreeMatcher_0.3_2000_4
CompleteGumtreeMatcher_0.3_2000_5
CompleteGumtreeMatcher_0.4_1200_3
CompleteGumtreeMatcher_0.4_1200_4
CompleteGumtreeMatcher_0.4_1200_5
CompleteGumtreeMatcher_0.4_1300_3
CompleteGumtreeMatcher_0.4_1300_4
CompleteGumtreeMatcher_0.4_1300_5
CompleteGumtreeMatcher_0.4_1400_3
CompleteGumtreeMatcher_0.4_1400_4
CompleteGumtreeMatcher_0.4_1400_5
CompleteGumtreeMatcher_0.4_1500_3
CompleteGumtreeMatcher_0.4_1500_4
CompleteGumtreeMatcher_0.4_1500_5
CompleteGumtreeMatcher_0.4_1600_3
CompleteGumtreeMatcher_0.4_1600_4
CompleteGumtreeMatcher_0.4_1600_5
CompleteGumtreeMatcher_0.4_1700_3
CompleteGumtreeMatcher_0.4_1700_4
CompleteGumtreeMatcher_0.4_1700_5
CompleteGumtreeMatcher_0.4_1800_3
CompleteGumtreeMatcher_0.4_1800_4
CompleteGumtreeMatcher_0.4_1800_5
CompleteGumtreeMatcher_0.4_1900_3
CompleteGumtreeMatcher_0.4_1900_4
CompleteGumtreeMatcher_0.4_1900_5
CompleteGumtreeMatcher_0.4_2000_3
CompleteGumtreeMatcher_0.4_2000_4
CompleteGumtreeMatcher_0.4_2000_5
CompleteGumtreeMatcher_0.5_1200_3
CompleteGumtreeMatcher_0.5_1200_4
CompleteGumtreeMatcher_0.5_1200_5
CompleteGumtreeMatcher_0.5_1300_3
CompleteGumtreeMatcher_0.5_1300_4
CompleteGumtreeMatcher_0.5_1300_5
CompleteGumtreeMatcher_0.5_1400_3
CompleteGumtreeMatcher_0.5_1400_4
CompleteGumtreeMatcher_0.5_1400_5
CompleteGumtreeMatcher_0.5_1500_3
CompleteGumtreeMatcher_0.5_1500_4
CompleteGumtreeMatcher_0.5_1500_5
CompleteGumtreeMatcher_0.5_1600_3
CompleteGumtreeMatcher_0.5_1600_4
CompleteGumtreeMatcher_0.5_1600_5
CompleteGumtreeMatcher_0.5_1700_3
CompleteGumtreeMatcher_0.5_1700_4
CompleteGumtreeMatcher_0.5_1700_5
CompleteGumtreeMatcher_0.5_1800_3
CompleteGumtreeMatcher_0.5_1800_4
CompleteGumtreeMatcher_0.5_1800_5
CompleteGumtreeMatcher_0.5_1900_3
CompleteGumtreeMatcher_0.5_1900_4
CompleteGumtreeMatcher_0.5_1900_5
CompleteGumtreeMatcher_0.5_2000_3
CompleteGumtreeMatcher_0.5_2000_4
CompleteGumtreeMatcher_0.5_2000_5
CompleteGumtreeMatcher_0.6_1200_3
CompleteGumtreeMatcher_0.6_1200_4
CompleteGumtreeMatcher_0.6_1200_5
CompleteGumtreeMatcher_0.6_1300_3
CompleteGumtreeMatcher_0.6_1300_4
CompleteGumtreeMatcher_0.6_1300_5
CompleteGumtreeMatcher_0.6_1400_3
CompleteGumtreeMatcher_0.6_1400_4
CompleteGumtreeMatcher_0.6_1400_5
CompleteGumtreeMatcher_0.6_1500_3
CompleteGumtreeMatcher_0.6_1500_4
CompleteGumtreeMatcher_0.6_1500_5
CompleteGumtreeMatcher_0.6_1600_3
CompleteGumtreeMatcher_0.6_1600_4
CompleteGumtreeMatcher_0.6_1600_5
CompleteGumtreeMatcher_0.6_1700_3
CompleteGumtreeMatcher_0.6_1700_4
CompleteGumtreeMatcher_0.6_1700_5
CompleteGumtreeMatcher_0.6_1800_3
CompleteGumtreeMatcher_0.6_1800_4
CompleteGumtreeMatcher_0.6_1800_5
CompleteGumtreeMatcher_0.6_1900_3
CompleteGumtreeMatcher_0.6_1900_4
CompleteGumtreeMatcher_0.6_1900_5
CompleteGumtreeMatcher_0.6_2000_3
CompleteGumtreeMatcher_0.6_2000_4
CompleteGumtreeMatcher_0.6_2000_5
CompleteGumtreeMatcher_0.7_1200_3
CompleteGumtreeMatcher_0.7_1200_4
CompleteGumtreeMatcher_0.7_1200_5
CompleteGumtreeMatcher_0.7_1300_3
CompleteGumtreeMatcher_0.7_1300_4
CompleteGumtreeMatcher_0.7_1300_5
CompleteGumtreeMatcher_0.7_1400_3
CompleteGumtreeMatcher_0.7_1400_4
CompleteGumtreeMatcher_0.7_1400_5
CompleteGumtreeMatcher_0.7_1500_3
CompleteGumtreeMatcher_0.7_1500_4
CompleteGumtreeMatcher_0.7_1500_5
CompleteGumtreeMatcher_0.7_1600_3
CompleteGumtreeMatcher_0.7_1600_4
CompleteGumtreeMatcher_0.7_1600_5
CompleteGumtreeMatcher_0.7_1700_3
CompleteGumtreeMatcher_0.7_1700_4
CompleteGumtreeMatcher_0.7_1700_5
CompleteGumtreeMatcher_0.7_1800_3
CompleteGumtreeMatcher_0.7_1800_4
CompleteGumtreeMatcher_0.7_1800_5
CompleteGumtreeMatcher_0.7_1900_3
CompleteGumtreeMatcher_0.7_1900_4
CompleteGumtreeMatcher_0.7_1900_5
CompleteGumtreeMatcher_0.7_2000_3
CompleteGumtreeMatcher_0.7_2000_4
CompleteGumtreeMatcher_0.7_2000_5
CompleteGumtreeMatcher_0.8_1200_3
CompleteGumtreeMatcher_0.8_1200_4
CompleteGumtreeMatcher_0.8_1200_5
CompleteGumtreeMatcher_0.8_1300_3
CompleteGumtreeMatcher_0.8_1300_4
CompleteGumtreeMatcher_0.8_1300_5
CompleteGumtreeMatcher_0.8_1400_3
CompleteGumtreeMatcher_0.8_1400_4
CompleteGumtreeMatcher_0.8_1400_5
CompleteGumtreeMatcher_0.8_1500_3
CompleteGumtreeMatcher_0.8_1500_4
CompleteGumtreeMatcher_0.8_1500_5
CompleteGumtreeMatcher_0.8_1600_3
CompleteGumtreeMatcher_0.8_1600_4
CompleteGumtreeMatcher_0.8_1600_5
CompleteGumtreeMatcher_0.8_1700_3
CompleteGumtreeMatcher_0.8_1700_4
CompleteGumtreeMatcher_0.8_1700_5
CompleteGumtreeMatcher_0.8_1800_3
CompleteGumtreeMatcher_0.8_1800_4
CompleteGumtreeMatcher_0.8_1800_5
CompleteGumtreeMatcher_0.8_1900_3
CompleteGumtreeMatcher_0.8_1900_4
CompleteGumtreeMatcher_0.8_1900_5
CompleteGumtreeMatcher_0.8_2000_3
CompleteGumtreeMatcher_0.8_2000_4
CompleteGumtreeMatcher_0.8_2000_5
CompleteGumtreeMatcher_0.9_1200_3
CompleteGumtreeMatcher_0.9_1200_4
CompleteGumtreeMatcher_0.9_1200_5
CompleteGumtreeMatcher_0.9_1300_3
CompleteGumtreeMatcher_0.9_1300_4
CompleteGumtreeMatcher_0.9_1300_5
CompleteGumtreeMatcher_0.9_1400_3
CompleteGumtreeMatcher_0.9_1400_4
CompleteGumtreeMatcher_0.9_1400_5
CompleteGumtreeMatcher_0.9_1500_3
CompleteGumtreeMatcher_0.9_1500_4
CompleteGumtreeMatcher_0.9_1500_5
CompleteGumtreeMatcher_0.9_1600_3
CompleteGumtreeMatcher_0.9_1600_4
CompleteGumtreeMatcher_0.9_1600_5
CompleteGumtreeMatcher_0.9_1700_3
CompleteGumtreeMatcher_0.9_1700_4
CompleteGumtreeMatcher_0.9_1700_5
CompleteGumtreeMatcher_0.9_1800_3
CompleteGumtreeMatcher_0.9_1800_4
CompleteGumtreeMatcher_0.9_1800_5
CompleteGumtreeMatcher_0.9_1900_3
CompleteGumtreeMatcher_0.9_1900_4
CompleteGumtreeMatcher_0.9_1900_5
CompleteGumtreeMatcher_0.9_2000_3
CompleteGumtreeMatcher_0.9_2000_4
CompleteGumtreeMatcher_0.9_2000_5
CompleteGumtreeMatcher_1_1200_3
CompleteGumtreeMatcher_1_1200_4
CompleteGumtreeMatcher_1_1200_5
CompleteGumtreeMatcher_1_1300_3
CompleteGumtreeMatcher_1_1300_4
CompleteGumtreeMatcher_1_1300_5
CompleteGumtreeMatcher_1_1400_3
CompleteGumtreeMatcher_1_1400_4
CompleteGumtreeMatcher_1_1400_5
CompleteGumtreeMatcher_1_1500_3
CompleteGumtreeMatcher_1_1500_4
CompleteGumtreeMatcher_1_1500_5
CompleteGumtreeMatcher_1_1600_3
CompleteGumtreeMatcher_1_1600_4
CompleteGumtreeMatcher_1_1600_5
CompleteGumtreeMatcher_1_1700_3
CompleteGumtreeMatcher_1_1700_4
CompleteGumtreeMatcher_1_1700_5
CompleteGumtreeMatcher_1_1800_3
CompleteGumtreeMatcher_1_1800_4
CompleteGumtreeMatcher_1_1800_5
CompleteGumtreeMatcher_1_1900_3
CompleteGumtreeMatcher_1_1900_4
CompleteGumtreeMatcher_1_1900_5
CompleteGumtreeMatcher_1_2000_3
CompleteGumtreeMatcher_1_2000_4
CompleteGumtreeMatcher_1_2000_5
XyMatcher_1_0.2
XyMatcher_1_0.4
XyMatcher_1_0.6
XyMatcher_1_0.8
SimpleGumtree_0.1_1
SimpleGumtree_0.3_1
SimpleGumtree_0.5_1
SimpleGumtree_0.7_1
SimpleGumtree_0.9_1
SimpleGumtree_0.1_2
SimpleGumtree_0.3_2
SimpleGumtree_0.5_2
SimpleGumtree_0.7_2
SimpleGumtree_0.9_2
SimpleGumtree_0.1_3
SimpleGumtree_0.3_3
SimpleGumtree_0.5_3
SimpleGumtree_0.7_3
SimpleGumtree_0.9_3
SimpleGumtree_0.1_4
SimpleGumtree_0.3_4
SimpleGumtree_0.5_4
SimpleGumtree_0.7_4
SimpleGumtree_0.9_4
SimpleGumtree_0.1_5
SimpleGumtree_0.3_5
SimpleGumtree_0.5_5
SimpleGumtree_0.7_5
SimpleGumtree_0.9_5
